image: map.pgm
resolution: 0.100000
origin: [-89.399998, -75.399998, 0]
negate: 0
occupied_thresh: 0.65
free_thresh: 0.196

